26
91
88
8
82
22
69
72
9
37
89
97
97
93
0
75
78
39
81
87
19
4
96
54
37
30
59
39
25
35
14
29
50
36
25
75
63
38
1
32
32
92
20
61
24
74
55
80
5
44
49
44
13
76
9
14
28
52
16
74
47
81
50
33
49
7
98
29
78
31
0
67
78
58
92
94
86
89
60
16
77
11
79
20
80
34
90
51
34
10
90
17
4
30
62
70
50
42
12
2
40
53
75
82
21
25
68
19
85
30
95
38
27
64
87
45
3
96
23
83
57
55
15
99
31
91
64
99
62
83
18
41
59
67
8
6
23
14
18
7
8
46
83
1
62
68
5
63
39
84
58
40
85
28
77
89
43
21
36
65
47
35
54
41
87
26
17
58
27
35
6
22
3
69
61
57
98
11
84
82
19
44
91
1
33
10
43
71
55
60
92
52
71
16
0
80
56
24
85
17
60
48
13
46
51
26
71
67
76
21
73
42
41
94
88
37
93
65
28
98
57
3
48
12
46
23
66
51
76
5
42
53
73
15
33
66
73
69
66
56
2
95
32
96
53
70
94
10
45
48
7
79
72
86
64
12